
[[631550.68814179639,437098.4823927806,  455283.07971586246, 694399.75705990626, 1499920.7857530972, 484127.93225938344], wiosna od wiosna 
[556917.17923722649, 384561.65559242369, 490403.29578768089, 820708.15494655573, 1083487.3017643765, 398319.59661709535], 
[615036.83138966851, 485774.90862774377, 		     865326.07356444816, 920531.703499355,   474778.6349898784], 
[566486.73925483669, 670331.05694730498, 784541.19122850324, 716360.07889897178, 940745.56178225367, 523963.80986728176], 
[774904.28863293026, 565245.08168754482, 		     897225.52643258392, 1662965.9572223781, 592619.86462308106], 
[541324.99670991593, 507326.33557262435, 455151.88955408748, 803567.17018468922, 1545101.7659244933, 450010.00070689031], 
[574645.82459468779, 523205.02401509124, 		     646968.7349632791,  1017573.062300413,  500579.83933764615], 
[485167.71114397125, 515743.00501804153, 429254.75287817174, 702157.19461704476, 984076.33781774028, 407461.89669516665], 
[624659.04017995624, 393137.44728739711, 		     735294.54633056163, 1419508.3350921704, 319035.26785999368], 
[572377.88890117407, 533551.55734275072, 691117.43194312649, 730178.99055578525, 995594.63629558252, 495140.50427481957], 
[684615.10184644093, 533758.08943148458, 734525.1223526845,  719777.88119821181, 965769.97396798467, 675521.7566137152]]


[499231.42772540235, 439228.65572993946, 444903.49738628132, 685307.31545597047, 1479785.673131614,  501749.65114871657], 
[483848.74721142487, 403325.89663091261, 414885.23700908874, 850441.1189703095,  1080156.4314966868, 364701.09211014461], lato od lato
[565637.11938035535, 510797.39001522161, 		     816840.93773796095, 909633.78349275189, 543607.71754903137], 
[504399.17821256857, 583495.6562426968,  740143.65422843012, 717022.16037732665, 947578.69384496089, 431905.95107748092], 
[676163.64078437793, 573290.52478797489, 		     865934.26340435317, 1625685.5140665183, 561851.50266484346], 
[467715.54545372853, 447301.52823186322, 444501.84309703833, 834324.1910610958,  1554989.2539767863, 380224.35423693986], 
[499107.48315008782, 428949.84290563525, 		     665857.2427037952,  1006672.3041699892, 433893.56184174767], 
[490138.26477035065, 493025.68680946907, 390232.41857453727, 741731.90562327008, 1003395.3263139941, 363729.97822009749], 
[505532.80689311493, 401657.0998971691, 		     757635.01495588047, 1418071.1014673312, 367870.25965143688], 
[502440.15058896184, 521779.55715026712, 539065.11257041409, 739748.30416550906, 1020475.6505901382, 441043.41066254949], 
[653923.99423425505, 500979.95386994543, 667877.40244993102, 744858.24957586313, 962491.78004849877, 691007.74157826579]]


[[826371.25034061132,655416.54171818297, 656834.87127411971, 1061380.9259408144, 1863529.36887365,   624687.70902818418], 
[806965.64265662676, 684125.3022683115,  658618.9508393287,  1227144.9844912058, 1464516.4215300623, 592240.82163893047], 
[798878.17160500225, 563078.4069183477,  		     1239887.9537984517, 1292527.4110394483, 623009.70094238641], jesien od jesien 
[757176.39979915763, 573730.43660634093, 721226.65496154665, 1090269.7192051553, 1373071.0015350399, 508127.87508971157], 
[913587.76618150331, 757850.90898619895,  		     1290160.8796522247, 2014796.1227020333, 639624.7360594871], 
[799381.21656651271, 738376.64789174963, 622560.07840564847, 1203092.1349873946, 1929663.9377578427, 607445.37060593953], 
[824336.06898995757, 648114.0024549698,  		     1037848.3481706547, 1380612.8866743522, 559531.74157698615], 
[825064.98570292303, 788324.5175623683,  709075.96998864948, 1088368.2095138154, 1205995.7139964164, 634428.77984192758], 
[796272.32969663595, 634821.93898488383,  		     1112074.3237438428, 1774274.1861017018, 540891.03186155879], 
[836781.33896560362, 794708.64205024799, 735838.97976911929, 1090270.0170537208, 1369380.6028612137, 644661.36955383269], 
[871026.37274686038, 594916.31628886878, 775228.28565022047, 1082295.3150199289, 1358110.7615711051, 743123.79176724458]]


[731268.93621760141, 641698.51327949238, 558061.26250306447, 961219.30891708727, 1652259.2786052467, 622695.63380180195], 
[711890.25139004318, 668412.71022107929, 596568.43283902493, 1143909.8195145517, 1338066.7928198634, 609038.26198662887], 
[744204.17858352966, 673883.30759777315, 		     1137738.5291820287, 1183503.098514844,  620611.84688918397], 
[575695.7784983801,  524357.27138771559, 633528.80698780366, 1015019.6223113546, 1220687.2814842928, 531841.15664264944],  zima od zima
[800159.4961464908,  774368.53406535357,                     1119760.4562855037, 1786174.4409825127, 692902.22444260423], 
[726342.27283160482, 716167.93180772976, 611769.70547825994, 1120089.009164646,  1738691.1637407043, 630925.71655085008], 
[688379.50787115516, 669572.24668069324, 		     879696.97943804029, 1285004.1747190056, 637927.2468073091], 
[742407.75225135463, 757741.67423690355, 646394.52917102387, 1010858.3741208112, 1101653.5912704084, 643108.78196880035], 
[720763.01072906132, 651977.08508509339, 		     1031531.8023670147, 1659077.0023273476, 605322.00132471754], 
[720063.06569710677, 732928.09885821596, 597783.78906675265, 1016573.6131707982, 1295237.6338382706, 665544.33697053173], 
[746942.38459870173, 642916.59590860363, 715324.60982257384, 1012955.1463482542, 1232940.8926721704, 747269.75959362253]
reszta to zima od reszty






PRAWID£OWE:
[[149242.42038803047,51119.524517811005, 48593.675884447206, 165080.10135174714, 202153.41938551006, 137259.15323177128], 
[164191.40738232547, 146450.07064281264, 136935.85254164625, 116551.28432418928, 255300.9208777789,  137472.60162156029], 
[101361.05174733386, 35713.968990734269, 		     159217.44674032772, 158469.08989671347, 134165.92641810907], jesien od jesien 
[150330.25964130348, 67636.259969494131, 34952.012048385965, 209633.37236723097, 192903.02633729446, 145795.03283631365], 
[91859.396846322808, 146893.86581543754, 		     208668.11540383913, 251309.85816857225, 142769.36202961777], 
[141642.07162437655, 88927.776577188692, 110979.0891397368,  112231.78349349838, 234701.87320626606, 99890.423882126255], 
[102233.22272051385, 134041.31146067966, 		     169515.65841902306, 265004.95770137646, 64412.983465420242],
[169236.18442225477, 86496.454642617493, 97923.078654998477, 138868.13733625328, 136560.75741624489, 82624.861831312301],
[101344.00644486993, 53878.214310658965, 		     188254.21244962953, 244214.15613434298, 123629.71238757561], 
[135095.89749457303, 126002.36515394889, 62769.350016896089, 128515.17396202216, 202487.65071205978, 48108.084143880413], 
[100982.71430036926, 71293.481194244348, 140094.07062717999, 94383.746579272774, 276244.7631999384,  125482.14560088878]]


[[138016.73211325271, 80255.013073728522, 78801.636677370479, 147106.31035744795, 270916.69209520653, 104553.46274645928], wiosna od wiosna
[192516.21706427779, 115012.48939610229,  107608.19744816926, 119318.6938735227,  267767.10834534228, 166381.26728879902], 
[94528.46722607594,   76323.594175593229, 		      209684.95528951706, 208573.82731094531, 161559.45035076755], 
[196945.99106543374,  104354.90690106795, 62689.77138922736,  195477.76112675696, 264277.92783794622, 151621.56806459729], 
[75544.697692490125,  158057.67020442043, 		      254014.74259465048, 291750.13631124544, 173333.45321147956],
 [133103.22170163397, 64382.097083350513, 146602.26492839193, 148156.72627049571, 313493.89601654204, 138570.63356106341], 
[86680.296064033435,  167811.58649409699, 		      157693.21301714683, 270040.13921449619, 39064.254854778555], 
[193552.11762801433,  57200.609785546054, 69270.810200247506, 183664.29703771617, 125917.21888747103, 117024.80741885117], 
[86326.634717292851,  49965.371764873482, 		      234960.7558345171,  311102.04760341562, 158153.86743749451], 
[117496.86354699837,  98297.064825927053, 95326.146001262474, 146823.61824104743, 280895.75344331935, 82216.795791355325], 
[87894.765466997793,  48769.717793367461, 166405.48451131256, 137330.00345125183, 311981.37499113288, 100028.30749510427]]


[[104181.39794752696,135453.1721561848,  148415.96418940171, 163687.95744294423, 261387.92835468578, 52875.738047340208], 
[79729.096982990086, 48309.592124086899, 70378.759173398197, 216959.72258423921, 161920.22436432366, 50512.920871307935], lato od lato
[138647.77995656419, 159073.58115506035, 		     187158.14643454019, 294763.80587385962, 58499.705711801435], 
[96362.808428470787, 122416.33798682061, 153208.56348604668, 130533.1688567657,  249173.63078676094, 40357.878115987529], 
[158106.68998871511, 58878.634108368075, 		     154153.48124371647, 187345.9588476514,  65228.087976882583], 
[102914.10277408594, 118664.97784969225, 81241.53118410593,  247824.56930963919, 229344.53283494455, 113675.42742325047], 
[163980.66025966289, 67309.853350170786, 		     160357.51610736936, 191457.09770456731, 124023.12906688041], 
[81153.094111113431, 122021.83610612949, 111306.23215277644, 186305.2960306005,  158563.36409345284, 120070.64901686064], 
[143311.47709833266, 145744.80672257274, 		     139819.5380870376,  207224.99924598352, 63899.177592264554], 
[113339.47350386545, 83873.389633910818, 157606.60797494033, 239848.54665712133, 254019.50700858241, 164167.13493529244], 
[146710.36210324056, 120718.34674096805, 61522.819809330926, 226845.78756773952, 202461.34641609786, 69785.992925299754]]


[[171959.52809156611,80360.779907927747, 93071.61300466441,  224916.75363786847, 208891.69863346955, 131585.64527335472],
[111062.86158857732, 127478.20779138454, 148999.79666513434, 188971.46620286454, 229413.86684729738, 77499.365729812096], 
[177799.13284554391, 92529.068953509763, 		     110723.01827993942, 237013.941916796,   85201.602377246876], 
[88446.162780650367, 50126.544420194892, 95748.282153292908, 202429.83406283689, 195786.28847644205, 81691.507166368916], zima od zima 
[161698.08584028561, 86808.43205315544, 		     134845.24792446452, 210799.25146204256, 78281.31056140385], 
[171270.49796598416, 153283.92203237209, 56037.066413569977, 179318.9168033179,  224842.1063549981,  54099.661314936551], 
[173398.04115037716, 71074.626279074102, 		     217335.04352178494, 296049.1516608558,  129108.86996770563], 
[118752.56140266544, 158263.34669200348, 169499.27857700214, 115491.91756005837, 219898.3575534345,  71172.416086100202], 
[174975.47008868132, 124356.4310915531, 		     137048.65546625922, 242429.20805086728, 65747.871892073905],
[182664.00892759702, 157847.94925194475, 104932.58437844593, 202782.28880332189, 214953.53616274186, 112282.87377698866], 
[167666.98841801003, 138259.12871504345, 76209.797849380571, 170133.70849158961, 244267.33381546097, 135124.46828130609]